0, 0.99833194212479581, -0.9983319421247957, 0, 0.99833194212479581, -0.99833194212479592, -0.99833194212479581, 0.99833194212479581
0.99833194212479581, -15.7224889991473, -6.9263711100877696, 0.99833194212479581, -6.2925367065306084, 0.081786539426004473, -4.0566720641192768, -7.6312635833047562
-0.9983319421247957, -6.9263711100877696, -15.534287050157904, -0.9983319421247957, -4.9547730728348185, 0.21247395139909847, -3.3002304384331294, -2.6180484840353175
0, 0.99833194212479581, -0.9983319421247957, 0, 0.99833194212479581, -0.99833194212479592, -0.99833194212479581, 0.99833194212479581
0.99833194212479581, -6.2925367065306084, -4.9547730728348185, 0.99833194212479581, -10.058746091694889, 0.12997174834276573, -6.9883235948737497, -4.8908077042550913
-0.99833194212479592, 0.081786539426004473, 0.21247395139909847, -0.99833194212479592, 0.12997174834276573, -12.186194374509851, -12.186194374509668, -8.5879760906356779
-0.99833194212479581, -4.0566720641192768, -3.3002304384331294, -0.99833194212479581, -6.9883235948737497, -12.186194374509668, -17.964325666748284, -5.9683442584864155
0.99833194212479581, -7.6312635833047562, -2.6180484840353175, 0.99833194212479581, -4.8908077042550913, -8.5879760906356779, -5.9683442584864155, -13.972355361566011
