0, 0.99833194212479581, -0.9983319421247957, 0, 0.99833194212479581, -0.99833194212479592, -0.99833194212479581, 0.99833194212479581
0.99833194212479581, -12.31225369791815, -4.1315743861045613, 0.99833194212479581, -6.2585015405524942, -0.99833194212479581, -3.7354160857036973, -5.1525512512348399
-0.9983319421247957, -4.1315743861045613, -12.583551004532417, -0.9983319421247957, -5.5960079381836216, 0.20378365434376161, -2.4743445500536203, -2.3765053708709449
0, 0.99833194212479581, -0.9983319421247957, 0, 0.99833194212479581, -0.99833194212479592, -0.99833194212479581, 0.99833194212479581
0.99833194212479581, -6.2585015405524942, -5.5960079381836216, 0.99833194212479581, -12.556893680216431, 0.10033613540187085, -6.9883235948737576, -6.4589177922946632
-0.99833194212479592, -0.99833194212479581, 0.20378365434376161, -0.99833194212479592, 0.10033613540187085, -8.5879760906359497, -12.186194374509666, -5.6767557244921365
-0.99833194212479581, -3.7354160857036973, -2.4743445500536203, -0.99833194212479581, -6.9883235948737576, -12.186194374509666, -17.964325666748284, -10.957169287919067
0.99833194212479581, -5.1525512512348399, -2.3765053708709449, 0.99833194212479581, -6.4589177922946632, -5.6767557244921365, -10.957169287919067, -13.972355361566006
