0, 0.99833194212479581, -0.9983319421247957, 0, 0.99833194212479581, -0.99833194212479592, -0.99833194212479581, 0.99833194212479581
0.99833194212479581, -13.465618350439728, -7.934899234919448, 0.99833194212479581, -7.1019691905703599, 0.14261884887483514, -4.2060472338449113, -4.5376402114709817
-0.9983319421247957, -7.934899234919448, -15.076616499723924, -0.9983319421247957, -5.2245182184903927, 0.20378365434376175, -2.8353600779940131, -2.5773772149356002
0, 0.99833194212479581, -0.9983319421247957, 0, 0.99833194212479581, -0.99833194212479592, -0.99833194212479581, 0.99833194212479581
0.99833194212479581, -7.1019691905703599, -5.2245182184903927, 0.99833194212479581, -17.178126821867099, 0.1426188488751246, -6.9883235948737479, -5.0712698548273316
-0.99833194212479592, 0.14261884887483514, 0.20378365434376175, -0.99833194212479592, 0.1426188488751246, -17.262773048769919, -12.186194374509652, -5.6767557244921392
-0.99833194212479581, -4.2060472338449113, -2.8353600779940131, -0.99833194212479581, -6.9883235948737479, -12.186194374509652, -17.964325666748284, -14.555384307088383
0.99833194212479581, -4.5376402114709817, -2.5773772149356002, 0.99833194212479581, -5.0712698548273316, -5.6767557244921392, -14.555384307088383, -10.589948510424181
